198001 0.2609619E+16 0.8121139E+14
198002 0.2574077E+16 0.9472282E+14
198003 0.2571739E+16 0.1229469E+15
198004 0.2522004E+16 0.9159474E+14
198005 0.2556216E+16 0.1547262E+15
198006 0.2576464E+16 0.1849888E+15
198007 0.2472555E+16 0.9139878E+14
198008 0.2461626E+16 0.7837698E+14
198009 0.2513017E+16 0.8449623E+14
198010 0.2622796E+16 0.1328197E+15
198011 0.2714823E+16 0.1683716E+15
198012 0.2729114E+16 0.1698517E+15
198101 0.2665549E+16 0.1371415E+15
198102 0.2600415E+16 0.1210609E+15
198103 0.2654116E+16 0.2053239E+15
198104 0.2599509E+16 0.1690993E+15
198105 0.2518691E+16 0.1172011E+15
198106 0.2468853E+16 0.7737733E+14
198107 0.2439302E+16 0.5814500E+14
198108 0.2453537E+16 0.7028821E+14
198109 0.2589101E+16 0.1605805E+15
198110 0.2629333E+16 0.1393569E+15
198111 0.2637000E+16 0.9054865E+14
198112 0.2652784E+16 0.9352211E+14
198201 0.2643757E+16 0.1153489E+15
198202 0.2675962E+16 0.1966083E+15
198203 0.2664122E+16 0.2153301E+15
198204 0.2606638E+16 0.1762284E+15
198205 0.2551973E+16 0.1504825E+15
198206 0.2563754E+16 0.1722784E+15
198207 0.2556781E+16 0.1756239E+15
198208 0.2616832E+16 0.2335831E+15
198209 0.2688160E+16 0.2596399E+15
198210 0.2777907E+16 0.2879311E+15
198211 0.2794501E+16 0.2480499E+15
198212 0.2699580E+16 0.1403185E+15
198301 0.2491416E+16 -.3699175E+14
198302 0.2354127E+16 -.1252268E+15
198303 0.2274608E+16 -.1741840E+15
198304 0.2413795E+16 -.1661454E+14
198305 0.2312828E+16 -.8866235E+14
198306 0.2189927E+16 -.2015483E+15
198307 0.2090093E+16 -.2910640E+15
198308 0.2028327E+16 -.3549216E+15
198309 0.1975242E+16 -.4532789E+15
198310 0.2016285E+16 -.4736913E+15
198311 0.2134709E+16 -.4117417E+15
198312 0.2262372E+16 -.2968899E+15
198401 0.2285918E+16 -.2424893E+15
198402 0.2231898E+16 -.2474563E+15
198403 0.2223072E+16 -.2257200E+15
198404 0.2238317E+16 -.1920921E+15
198405 0.2179629E+16 -.2218612E+15
198406 0.2181411E+16 -.2100650E+15
198407 0.2264102E+16 -.1170542E+15
198408 0.2297995E+16 -.8525403E+14
198409 0.2315415E+16 -.1131055E+15
198410 0.2314758E+16 -.1752183E+15
198411 0.2453912E+16 -.9253937E+14
198412 0.2534201E+16 -.2506060E+14
198501 0.2553685E+16 0.2527696E+14
198502 0.2460004E+16 -.1935017E+14
198503 0.2417717E+16 -.3107543E+14
198504 0.2473636E+16 0.4322643E+14
198505 0.2487246E+16 0.8575546E+14
198506 0.2462400E+16 0.7092414E+14
198507 0.2443988E+16 0.6283161E+14
198508 0.2474678E+16 0.9142885E+14
198509 0.2480045E+16 0.5152484E+14
198510 0.2521010E+16 0.3103409E+14
198511 0.2617670E+16 0.7121888E+14
198512 0.2646125E+16 0.8686303E+14
198601 0.2616202E+16 0.8779450E+14
198602 0.2627092E+16 0.1477375E+15
198603 0.2573562E+16 0.1247699E+15
198604 0.2503004E+16 0.7259488E+14
198605 0.2535566E+16 0.1340755E+15
198606 0.2529882E+16 0.1384067E+15
198607 0.2512104E+16 0.1309474E+15
198608 0.2480208E+16 0.9695889E+14
198609 0.2536252E+16 0.1077312E+15
198610 0.2635465E+16 0.1454891E+15
198611 0.2666587E+16 0.1201364E+15
198612 0.2715568E+16 0.1563057E+15
198701 0.2623554E+16 0.9514641E+14
198702 0.2487716E+16 0.8361764E+13
198703 0.2426002E+16 -.2279071E+14
198704 0.2367775E+16 -.6263431E+14
198705 0.2354864E+16 -.4662616E+14
198706 0.2289342E+16 -.1021335E+15
198707 0.2218207E+16 -.1629493E+15
198708 0.2280220E+16 -.1030287E+15
198709 0.2267416E+16 -.1611042E+15
198710 0.2340863E+16 -.1491129E+15
198711 0.2348604E+16 -.1978474E+15
198712 0.2356962E+16 -.2022997E+15
198801 0.2330031E+16 -.1983768E+15
198802 0.2199980E+16 -.2793739E+15
198803 0.2166706E+16 -.2820867E+15
198804 0.2128030E+16 -.3023789E+15
198805 0.2124105E+16 -.2773854E+15
198806 0.2151135E+16 -.2403411E+15
198807 0.2205860E+16 -.1752971E+15
198808 0.2265569E+16 -.1176802E+15
198809 0.2313231E+16 -.1152895E+15
198810 0.2320686E+16 -.1692899E+15
198811 0.2450673E+16 -.9577777E+14
198812 0.2502866E+16 -.5639641E+14
198901 0.2551340E+16 0.2293244E+14
198902 0.2609110E+16 0.1297561E+15
198903 0.2612873E+16 0.1640812E+15
198904 0.2578856E+16 0.1484472E+15
198905 0.2582964E+16 0.1814742E+15
198906 0.2583795E+16 0.1923198E+15
198907 0.2562923E+16 0.1817662E+15
198908 0.2543545E+16 0.1602962E+15
198909 0.2582265E+16 0.1537440E+15
198910 0.2561243E+16 0.7126720E+14
198911 0.2602062E+16 0.5561124E+14
198912 0.2705918E+16 0.1466562E+15
199001 0.2724106E+16 0.1956978E+15
199002 0.2727687E+16 0.2483331E+15
199003 0.2651100E+16 0.2023080E+15
199004 0.2538047E+16 0.1076375E+15
199005 0.2457202E+16 0.5571190E+14
199006 0.2413987E+16 0.2251180E+14
199007 0.2450739E+16 0.6958223E+14
199008 0.2463783E+16 0.8053386E+14
199009 0.2504773E+16 0.7625204E+14
199010 0.2571930E+16 0.8195388E+14
199011 0.2621739E+16 0.7528756E+14
199012 0.2652515E+16 0.9325260E+14
199101 0.2635003E+16 0.1065949E+15
199102 0.2550847E+16 0.7149268E+14
199103 0.2470375E+16 0.2158302E+14
199104 0.2471873E+16 0.4146361E+14
199105 0.2478637E+16 0.7714728E+14
199106 0.2496316E+16 0.1048399E+15
199107 0.2503444E+16 0.1222871E+15
199108 0.2467793E+16 0.8454455E+14
199109 0.2517380E+16 0.8885992E+14
199110 0.2659941E+16 0.1699645E+15
199111 0.2673644E+16 0.1271933E+15
199112 0.2702455E+16 0.1431931E+15
199201 0.2624143E+16 0.9573482E+14
199202 0.2602214E+16 0.1228594E+15
199203 0.2466159E+16 0.1736670E+14
199204 0.2376163E+16 -.5424597E+14
199205 0.2253204E+16 -.1482862E+15
199206 0.2182856E+16 -.2086201E+15
199207 0.2207110E+16 -.1740466E+15
199208 0.2236042E+16 -.1472072E+15
199209 0.2293671E+16 -.1348499E+15
199210 0.2397147E+16 -.9282928E+14
199211 0.2471061E+16 -.7539010E+14
199212 0.2514766E+16 -.4449613E+14
199301 0.2474418E+16 -.5398962E+14
199302 0.2437365E+16 -.4198867E+14
199303 0.2409500E+16 -.3929224E+14
199304 0.2379995E+16 -.5041459E+14
199305 0.2333010E+16 -.6848030E+14
199306 0.2234685E+16 -.1567909E+15
199307 0.2178547E+16 -.2026094E+15
199308 0.2225235E+16 -.1580143E+15
199309 0.2327112E+16 -.1014085E+15
199310 0.2411430E+16 -.7854663E+14
199311 0.2427324E+16 -.1191266E+15
199312 0.2396444E+16 -.1628179E+15
199401 0.2364877E+16 -.1635311E+15
199402 0.2335001E+16 -.1443530E+15
199403 0.2322036E+16 -.1267558E+15
199404 0.2320451E+16 -.1099587E+15
199405 0.2339658E+16 -.6183169E+14
199406 0.2309781E+16 -.8169484E+14
199407 0.2328319E+16 -.5283722E+14
199408 0.2366435E+16 -.1681426E+14
199409 0.2401591E+16 -.2692971E+14
199410 0.2508633E+16 0.1865734E+14
199411 0.2612602E+16 0.6615135E+14
199412 0.2537778E+16 -.2148396E+14
199501 0.2429034E+16 -.9937346E+14
199502 0.2333102E+16 -.1462517E+15
199503 0.2261564E+16 -.1872284E+15
199504 0.2258380E+16 -.1720290E+15
199505 0.2275161E+16 -.1263295E+15
199506 0.2318682E+16 -.7279325E+14
199507 0.2358127E+16 -.2302988E+14
199508 0.2332353E+16 -.5089617E+14
199509 0.2329789E+16 -.9873163E+14
199510 0.2425043E+16 -.6493346E+14
199511 0.2513986E+16 -.3246485E+14
199512 0.2564099E+16 0.4836670E+13
199601 0.2561425E+16 0.3301702E+14
199602 0.2512599E+16 0.3324519E+14
199603 0.2511222E+16 0.6242977E+14
199604 0.2471582E+16 0.4117236E+14
199605 0.2429489E+16 0.2799835E+14
199606 0.2466046E+16 0.7457056E+14
199607 0.2407239E+16 0.2608253E+14
199608 0.2429721E+16 0.4647235E+14
199609 0.2455198E+16 0.2667712E+14
199610 0.2535203E+16 0.4522708E+14
199611 0.2595553E+16 0.4910248E+14
199612 0.2644486E+16 0.8522369E+14
199701 0.2691875E+16 0.1634667E+15
199702 0.2693741E+16 0.2143871E+15
199703 0.2669544E+16 0.2207519E+15
199704 0.2742120E+16 0.3117105E+15
199705 0.2690229E+16 0.2887388E+15
199706 0.2699014E+16 0.3075384E+15
199707 0.2600851E+16 0.2196940E+15
199708 0.2534659E+16 0.1514102E+15
199709 0.2608497E+16 0.1799763E+15
199710 0.2648222E+16 0.1582454E+15
199711 0.2612788E+16 0.6633738E+14
199712 0.2482704E+16 -.7655833E+14
199801 0.2323436E+16 -.2049719E+15
199802 0.2206345E+16 -.2730091E+15
199803 0.2134395E+16 -.3143974E+15
199804 0.2072178E+16 -.3582309E+15
199805 0.1994101E+16 -.4073892E+15
199806 0.1939278E+16 -.4521979E+15
199807 0.1917368E+16 -.4637884E+15
199808 0.1970619E+16 -.4126303E+15
199809 0.2051787E+16 -.3767336E+15
199810 0.2103941E+16 -.3860350E+15
199811 0.2207032E+16 -.3394189E+15
199812 0.2292996E+16 -.2662665E+15
199901 0.2312861E+16 -.2155472E+15
199902 0.2336113E+16 -.1432409E+15
199903 0.2320519E+16 -.1282730E+15
199904 0.2328218E+16 -.1021915E+15
199905 0.2329014E+16 -.7247650E+14
199906 0.2343666E+16 -.4780943E+14
199907 0.2305024E+16 -.7613286E+14
199908 0.2282342E+16 -.1009073E+15
199909 0.2354037E+16 -.7448359E+14
199910 0.2400714E+16 -.8926231E+14
199911 0.2455799E+16 -.9065146E+14
199912 0.2486460E+16 -.7280211E+14
200001 0.2494642E+16 -.3376623E+14
200002 0.2499281E+16 0.1992731E+14
200003 0.2526083E+16 0.7729035E+14
200004 0.2532898E+16 0.1024889E+15
200005 0.2534392E+16 0.1329019E+15
200006 0.2496831E+16 0.1053550E+15
200007 0.2461635E+16 0.8047802E+14
200008 0.2406320E+16 0.2307069E+14
200009 0.2461528E+16 0.3300790E+14
200010 0.2508239E+16 0.1826247E+14
200011 0.2573787E+16 0.2733612E+14
200012 0.2557275E+16 -.1987496E+13
200101 0.2568218E+16 0.3980978E+14
200102 0.2513415E+16 0.3406043E+14
200103 0.2512497E+16 0.6370430E+14
200104 0.2494874E+16 0.6446504E+14
200105 0.2418373E+16 0.1688244E+14
200106 0.2427258E+16 0.3578218E+14
200107 0.2450397E+16 0.6923997E+14
200108 0.2407462E+16 0.2421261E+14
200109 0.2483441E+16 0.5492028E+14
200110 0.2529158E+16 0.3918191E+14
200111 0.2598320E+16 0.5186925E+14
200112 0.2634326E+16 0.7506368E+14
200201 0.2634809E+16 0.1064014E+15
200202 0.2574486E+16 0.9513191E+14
200203 0.2517412E+16 0.6861989E+14
200204 0.2453539E+16 0.2312947E+14
200205 0.2397412E+16 -.4077803E+13
200206 0.2436808E+16 0.4533257E+14
200207 0.2462451E+16 0.8129434E+14
200208 0.2508138E+16 0.1248891E+15
200209 0.2606550E+16 0.1780296E+15
200210 0.2670723E+16 0.1807473E+15
200211 0.2656799E+16 0.1103482E+15
200212 0.2564698E+16 0.5435818E+13
200301 0.2439297E+16 -.8911064E+14
200302 0.2356047E+16 -.1233072E+15
200303 0.2330668E+16 -.1181245E+15
200304 0.2315557E+16 -.1148525E+15
200305 0.2303236E+16 -.9825436E+14
200306 0.2435946E+16 0.4447009E+14
200307 0.2492092E+16 0.1109358E+15
200308 0.2448873E+16 0.6562361E+14
200309 0.2496961E+16 0.6844057E+14
200310 0.2567191E+16 0.7721492E+14
200311 0.2632398E+16 0.8594740E+14
200312 0.2615008E+16 0.5574626E+14
200401 0.2547055E+16 0.1864687E+14
200402 0.2468747E+16 -.1060750E+14
200403 0.2402882E+16 -.4591052E+14
200404 0.2417745E+16 -.1266398E+14
200405 0.2408003E+16 0.6513318E+13
200406 0.2432671E+16 0.4119518E+14
200407 0.2487102E+16 0.1059450E+15
200408 0.2492071E+16 0.1088224E+15
200409 0.2577802E+16 0.1492810E+15
200410 0.2631409E+16 0.1414330E+15
200411 0.2672262E+16 0.1258114E+15
200412 0.2660894E+16 0.1016321E+15
200501 0.2599621E+16 0.7121297E+14
200502 0.2539745E+16 0.6039073E+14
200503 0.2561913E+16 0.1131203E+15
200504 0.2484103E+16 0.5369327E+14
200505 0.2451138E+16 0.4964821E+14
200506 0.2439270E+16 0.4779413E+14
200507 0.2412100E+16 0.3094309E+14
200508 0.2405031E+16 0.2178220E+14
200509 0.2427233E+16 -.1287148E+13
200510 0.2489970E+16 -.6174015E+10
200511 0.2521237E+16 -.2521361E+14
200512 0.2546354E+16 -.1290799E+14
200601 0.2540568E+16 0.1216039E+14
200602 0.2505759E+16 0.2640439E+14
200603 0.2509785E+16 0.6099229E+14
200604 0.2521804E+16 0.9139449E+14
200605 0.2515570E+16 0.1140802E+15
200606 0.2519055E+16 0.1275793E+15
200607 0.2492819E+16 0.1116627E+15
200608 0.2528027E+16 0.1447777E+15
200609 0.2561341E+16 0.1328200E+15
200610 0.2594427E+16 0.1044509E+15
200611 0.2649505E+16 0.1030545E+15
200612 0.2597315E+16 0.3805260E+14
200701 0.2441642E+16 -.8676532E+14
200702 0.2352635E+16 -.1267195E+15
200703 0.2300339E+16 -.1484529E+15
200704 0.2310316E+16 -.1200937E+15
200705 0.2321322E+16 -.8016852E+14
200706 0.2344417E+16 -.4705888E+14
200707 0.2335163E+16 -.4599400E+14
200708 0.2343013E+16 -.4023579E+14
200709 0.2366397E+16 -.6212348E+14
200710 0.2425942E+16 -.6403367E+14
200711 0.2502061E+16 -.4438983E+14
200712 0.2555431E+16 -.3830842E+13
200801 0.2574578E+16 0.4617036E+14
200802 0.2568306E+16 0.8895146E+14
200803 0.2642143E+16 0.1933503E+15
200804 0.2660170E+16 0.2297606E+15
200805 0.2674436E+16 0.2729454E+15
200806 0.2617694E+16 0.2262181E+15
200807 0.2529631E+16 0.1484746E+15
200808 0.2449834E+16 0.6658541E+14
200809 0.2442038E+16 0.1351734E+14
200810 0.2500659E+16 0.1068266E+14
200811 0.2515467E+16 -.3098416E+14
200812 0.2494730E+16 -.6453162E+14
200901 0.2531859E+16 0.3450738E+13
200902 0.2507717E+16 0.2836316E+14
200903 0.2476462E+16 0.2766979E+14
200904 0.2489273E+16 0.5886333E+14
200905 0.2503523E+16 0.1020326E+15
200906 0.2508561E+16 0.1170856E+15
200907 0.2481410E+16 0.1002531E+15
200908 0.2467181E+16 0.8393225E+14
200909 0.2512223E+16 0.8370274E+14
200910 0.2596107E+16 0.1061311E+15
200911 0.2688439E+16 0.1419884E+15
200912 0.2671541E+16 0.1122790E+15
201001 0.2577318E+16 0.4891055E+14
201002 0.2513164E+16 0.3380998E+14
201003 0.2454394E+16 0.5601980E+13
201004 0.2363432E+16 -.6697760E+14
201005 0.2289730E+16 -.1117604E+15
201006 0.2260949E+16 -.1305262E+15
201007 0.2279773E+16 -.1013832E+15
201008 0.2291628E+16 -.9162132E+14
201009 0.2329140E+16 -.9938098E+14
201010 0.2405704E+16 -.8427263E+14
201011 0.2486001E+16 -.6044979E+14
201012 0.2529207E+16 -.3005457E+14
201101 0.2571977E+16 0.4356922E+14
201102 0.2636236E+16 0.1568820E+15
201103 0.2654341E+16 0.2055488E+15
201104 0.2651869E+16 0.2214601E+15
201105 0.2605994E+16 0.2045038E+15
201106 0.2543138E+16 0.1516623E+15
201107 0.2480569E+16 0.9941266E+14
201108 0.2431837E+16 0.4858789E+14
201109 0.2420267E+16 -.8253317E+13
201110 0.2462576E+16 -.2740055E+14
201111 0.2549769E+16 0.3317862E+13
201112 0.2551142E+16 -.8120441E+13
201201 0.2542066E+16 0.1365773E+14
201202 0.2550838E+16 0.7148356E+14
201203 0.2539193E+16 0.9040101E+14
201204 0.2551379E+16 0.1209699E+15
201205 0.2536264E+16 0.1347739E+15
201206 0.2534940E+16 0.1434640E+15
201207 0.2508407E+16 0.1272505E+15
201208 0.2501217E+16 0.1179677E+15
201209 0.2500308E+16 0.7178769E+14
201210 0.2551199E+16 0.6122261E+14
201211 0.2595197E+16 0.4874627E+14
201212 0.2565507E+16 0.6244882E+13
201301 0.2547435E+16 0.1902697E+14
201302 0.2518801E+16 0.3944686E+14
201303 0.2483566E+16 0.3477367E+14
201304 0.2452604E+16 0.2219505E+14
201305 0.2438352E+16 0.3686156E+14
201306 0.2472096E+16 0.8062003E+14
201307 0.2464682E+16 0.8352503E+14
201308 0.2473662E+16 0.9041282E+14
201309 0.2543130E+16 0.1146091E+15
201310 0.2594850E+16 0.1048742E+15
201311 0.2671102E+16 0.1246510E+15
201312 0.2684375E+16 0.1251127E+15
201401 0.2606750E+16 0.7834262E+14
201402 0.2591694E+16 0.1123402E+15
201403 0.2653757E+16 0.2049652E+15
201404 0.2613931E+16 0.1835213E+15
201405 0.2533899E+16 0.1324093E+15
201406 0.2457185E+16 0.6570978E+14
201407 0.2439698E+16 0.5854148E+14
201408 0.2532308E+16 0.1490590E+15
201409 0.2585659E+16 0.1571381E+15
201410 0.2613667E+16 0.1236905E+15
201411 0.2676919E+16 0.1304680E+15
201412 0.2644605E+16 0.8534342E+14
201501 0.2559470E+16 0.3106255E+14
201502 0.2542469E+16 0.6311508E+14
201503 0.2544250E+16 0.9545753E+14
201504 0.2542011E+16 0.1116018E+15
201505 0.2526069E+16 0.1245790E+15
201506 0.2503803E+16 0.1123271E+15
201507 0.2483293E+16 0.1021359E+15
201508 0.2494911E+16 0.1116624E+15
201509 0.2541149E+16 0.1126283E+15
201510 0.2596951E+16 0.1069748E+15
201511 0.2596326E+16 0.4987504E+14
201512 0.2520150E+16 -.3911212E+14
201601 0.2401996E+16 -.1264119E+15
201602 0.2279002E+16 -.2003524E+15
201603 0.2167637E+16 -.2811557E+15
201604 0.2094466E+16 -.3359432E+15
201605 0.2086092E+16 -.3153980E+15
201606 0.2132142E+16 -.2593339E+15
201607 0.2173883E+16 -.2072738E+15
201608 0.2216569E+16 -.1666798E+15
201609 0.2291987E+16 -.1365338E+15
201610 0.2350069E+16 -.1399075E+15
201611 0.2458432E+16 -.8801864E+14
201612 0.2511152E+16 -.4811034E+14
201701 0.2501644E+16 -.2676382E+14
201702 0.2436472E+16 -.4288256E+14
201703 0.2427728E+16 -.2106386E+14
201704 0.2414152E+16 -.1625726E+14
201705 0.2422634E+16 0.2114386E+14
201706 0.2376659E+16 -.1481629E+14
201707 0.2367206E+16 -.1395113E+14
201708 0.2328864E+16 -.5438449E+14
201709 0.2311159E+16 -.1173616E+15
201710 0.2401168E+16 -.8880865E+14
201711 0.2456978E+16 -.8947276E+14
201712 0.2488251E+16 -.7101057E+14
201801 0.2520192E+16 -.8216272E+13
201802 0.2557458E+16 0.7810344E+14
201803 0.2546249E+16 0.9745710E+14
201804 0.2548887E+16 0.1184780E+15
201805 0.2563168E+16 0.1616779E+15
201806 0.2573254E+16 0.1817783E+15
201807 0.2577047E+16 0.1958908E+15
201808 0.2599946E+16 0.2166969E+15
201809 0.2651547E+16 0.2230269E+15
201810 0.2708378E+16 0.2184018E+15
201811 0.2713699E+16 0.1672484E+15
201812 0.2693400E+16 0.1341377E+15
201901 0.2617335E+16 0.8892703E+14
201902 0.2569312E+16 0.8995755E+14
201903 0.2524048E+16 0.7525534E+14
201904 0.2384672E+16 -.4573684E+14
201905 0.2360529E+16 -.4096110E+14
201906 0.2331969E+16 -.5950704E+14
201907 0.2312909E+16 -.6824757E+14
201908 0.2316053E+16 -.6719637E+14
201909 0.2392135E+16 -.3638508E+14
201910 0.2516553E+16 0.2657699E+14
201911 0.2592360E+16 0.4590944E+14
201912 0.2604008E+16 0.4474577E+14
202001 0.2548607E+16 0.2019923E+14
202002 0.2482105E+16 0.2750927E+13
202003 0.2405990E+16 -.4280230E+14
202004 0.2348402E+16 -.8200730E+14
202005 0.2317234E+16 -.8425652E+14
202006 0.2337657E+16 -.5381836E+14
202007 0.2369607E+16 -.1154997E+14
202008 0.2385669E+16 0.2419677E+13
202009 0.2400551E+16 -.2796963E+14
202010 0.2453670E+16 -.3630616E+14
202011 0.2546215E+16 -.2359548E+12
202012 0.2604623E+16 0.4536049E+14
202101 0.2581071E+16 0.5266355E+14
202102 0.2570648E+16 0.9129356E+14
202103 0.2586302E+16 0.1375093E+15
202104 0.2540908E+16 0.1104985E+15
202105 0.2500163E+16 0.9867258E+14
202106 0.2454791E+16 0.6331560E+14
202107 0.2430787E+16 0.4963049E+14
202108 0.2415409E+16 0.3216045E+14
202109 0.2419139E+16 -.9381551E+13
202110 0.2470355E+16 -.1962129E+14
202111 0.2557408E+16 0.1095700E+14
202112 0.2587938E+16 0.2867615E+14
